0.5138 0.5100 0.4709 0.4827 0.4838 0.4726 0.4623 0.5143 0.5206
0.5166 0.5119 0.4612 0.5286 0.5164 0.4479 0.5196 0.4877 0.5197
0.5243 0.4735 0.5130 0.4801 0.5196 0.4377 0.5282 0.5109 0.5249
0.4567 0.5189 0.5256 0.5108 0.5250 0.4462 0.5185 0.4879 0.5114
0.4634 0.4555 0.4774 0.4737 0.5332 0.4598 0.5278 0.4590 0.5000
0.4755 0.5222 0.5279 0.4690 0.4547 0.4912 0.5237 0.5217 0.4905
0.5176 0.4955 0.5154 0.5286 0.4728 0.4893 0.5114 0.5175 0.5014
0.5112 0.4793 0.5389 0.5188 0.4812 0.5067 0.4872 0.4758 0.4951
0.4892 0.4611 0.4641 0.4710 0.5219 0.4768 0.5182 0.4703 0.4982
0.4958 0.5211 0.4861 0.5079 0.5210 0.4684 0.5242 0.5216 0.5059
0.5137 0.5271 0.4794 0.5204 0.4923 0.4699 0.4740 0.5402 0.4992
0.5171 0.4648 0.5223 0.5491 0.5169 0.4478 0.5171 0.5196 0.4974
0.4696 0.5158 0.5171 0.4921 0.5357 0.4786 0.5251 0.4808 0.5058
0.4549 0.4828 0.5481 0.4942 0.4942 0.4969 0.5115 0.4622 0.5095
0.4903 0.5375 0.4786 0.5055 0.4679 0.4719 0.4872 0.4672 0.4947
0.5130 0.5155 0.4692 0.4660 0.4837 0.4817 0.5225 0.5134 0.4844
0.4802 0.4940 0.4845 0.5213 0.5066 0.5266 0.4681 0.5354 0.4629
0.4613 0.5200 0.5269 0.4778 0.4905 0.5250 0.4694 0.5030 0.4656
0.4601 0.4634 0.4916 0.4849 0.5256 0.5345 0.5240 0.5349 0.4660
0.5205 0.5182 0.4683 0.4757 0.4759 0.5364 0.5367 0.5415 0.4434
0.5083 0.4673 0.4703 0.5108 0.4837 0.5234 0.5491 0.5182 0.4431
0.5178 0.4415 0.4688 0.4648 0.4698 0.4787 0.4664 0.5072 0.5024
0.4714 0.5175 0.4760 0.5156 0.4627 0.5310 0.4789 0.5160 0.5076
0.5126 0.5265 0.4829 0.5266 0.4643 0.5321 0.4557 0.5232 0.4951
0.5235 0.5127 0.4543 0.5310 0.4620 0.5336 0.5220 0.5301 0.4944
0.5193 0.4367 0.4574 0.5469 0.4704 0.5206 0.5274 0.5266 0.4943
0.5205 0.5240 0.4828 0.4822 0.4686 0.5379 0.4630 0.4880 0.4928
0.5095 0.4462 0.4780 0.4896 0.5141 0.5371 0.4675 0.4897 0.4961
0.5250 0.4888 0.4776 0.5356 0.5026 0.5125 0.4749 0.5263 0.4964
0.5316 0.4729 0.4871 0.5449 0.4781 0.5059 0.5210 0.5342 0.5054
0.5403 0.4451 0.4823 0.5275 0.4957 0.4599 0.5160 0.4818 0.5057
0.4782 0.4658 0.4981 0.5262 0.4701 0.4775 0.5109 0.5178 0.5158
0.5192 0.4715 0.4743 0.5215 0.4576 0.4691 0.4861 0.5223 0.5149
0.4706 0.5250 0.5086 0.5469 0.5234 0.4689 0.4565 0.5225 0.5242
0.4758 0.5202 0.4600 0.5581 0.5232 0.4639 0.4643 0.5218 0.5160
0.4872 0.4414 0.5264 0.5171 0.5147 0.4709 0.5184 0.4714 0.5210
0.5239 0.5355 0.5237 0.5310 0.5398 0.5317 0.4712 0.4876 0.5233
0.5280 0.5493 0.5129 0.5579 0.5290 0.5477 0.4510 0.5442 0.5354
0.5375 0.5425 0.4878 0.5680 0.4780 0.5397 0.4465 0.5664 0.5252
0.5185 0.5342 0.4880 0.5596 0.4783 0.5305 0.4743 0.5572 0.5298
0.4768 0.4504 0.5352 0.5417 0.4615 0.5242 0.4896 0.5370 0.5205
0.5339 0.4794 0.5236 0.5452 0.4897 0.5355 0.4606 0.5358 0.5262
0.5173 0.4699 0.4709 0.5441 0.5331 0.5500 0.4440 0.5529 0.5246
0.4941 0.5204 0.4669 0.5295 0.5347 0.5638 0.5100 0.5619 0.5246
0.5213 0.5271 0.4948 0.5168 0.5441 0.5838 0.5132 0.5580 0.5245
0.5319 0.5289 0.4728 0.5317 0.5614 0.5915 0.5167 0.5473 0.5266
0.5105 0.5274 0.5476 0.5360 0.5644 0.5991 0.5172 0.5500 0.5277
0.5051 0.5327 0.5519 0.5356 0.5717 0.5994 0.5132 0.5504 0.5287
0.5234 0.5628 0.5656 0.5409 0.5758 0.6008 0.5177 0.5512 0.5308
0.5283 0.5984 0.5911 0.5389 0.5793 0.6052 0.5556 0.5470 0.5266
0.5385 0.6139 0.5962 0.5685 0.5833 0.5905 0.5530 0.5601 0.5328
0.5465 0.5886 0.6059 0.5711 0.5790 0.5845 0.5255 0.5705 0.5285
0.5474 0.5734 0.5989 0.5436 0.5725 0.5723 0.5180 0.5750 0.5352
0.5405 0.5720 0.5619 0.5429 0.5870 0.5518 0.5254 0.5817 0.5328
0.5560 0.5646 0.5509 0.5351 0.5840 0.5491 0.5591 0.5702 0.5356
0.5359 0.5475 0.5585 0.5127 0.5770 0.5605 0.5547 0.5684 0.5319
0.5381 0.5440 0.5664 0.5375 0.5738 0.5774 0.5347 0.5792 0.5367
0.5220 0.5386 0.5611 0.5260 0.5772 0.5677 0.5264 0.5929 0.5367
0.5125 0.5564 0.5648 0.5297 0.5737 0.5655 0.4712 0.5931 0.5402
0.5127 0.5531 0.5527 0.5348 0.5623 0.5769 0.4620 0.5735 0.5404
0.4468 0.5444 0.5505 0.5229 0.5452 0.5723 0.4676 0.5708 0.5405
0.4730 0.5288 0.5480 0.5182 0.5471 0.5811 0.4724 0.5880 0.5401
0.4668 0.5481 0.5319 0.5262 0.5354 0.5522 0.4892 0.5727 0.5368
0.5421 0.5462 0.4713 0.4619 0.5154 0.5454 0.5212 0.5599 0.5362
0.5461 0.5300 0.4806 0.4586 0.5151 0.5317 0.5469 0.5417 0.5322
0.5394 0.4901 0.5139 0.5386 0.4780 0.5319 0.5647 0.5331 0.5375
0.5425 0.5314 0.4759 0.5439 0.4707 0.5444 0.5670 0.5422 0.5358
0.5409 0.5354 0.5210 0.5451 0.4726 0.5436 0.5623 0.5384 0.5413
0.5314 0.4859 0.5330 0.5550 0.4610 0.5443 0.5650 0.5342 0.5388
0.5267 0.4292 0.5438 0.5796 0.5252 0.5508 0.5636 0.5419 0.5429
0.5231 0.4368 0.5364 0.5829 0.4674 0.5562 0.5390 0.5303 0.5377
0.5393 0.4457 0.5472 0.5842 0.4820 0.5675 0.5488 0.5323 0.5370
0.5566 0.4501 0.5544 0.5774 0.4885 0.5680 0.5393 0.5366 0.5355
0.5658 0.4528 0.5346 0.5763 0.5271 0.5564 0.5452 0.5305 0.5417
0.5679 0.5296 0.5601 0.5773 0.5116 0.5501 0.5406 0.5234 0.5383
0.5614 0.5392 0.5666 0.5849 0.5097 0.5484 0.5336 0.5256 0.5420
0.5570 0.5537 0.5692 0.5803 0.5179 0.5484 0.5321 0.5158 0.5398
0.5506 0.5519 0.5593 0.5878 0.5157 0.5446 0.5252 0.4541 0.5400
0.5386 0.5633 0.5553 0.5788 0.5205 0.5464 0.5327 0.4562 0.5380
0.5314 0.5500 0.5562 0.5672 0.5261 0.5549 0.5308 0.4663 0.5376
0.5360 0.5466 0.5391 0.5763 0.5180 0.5583 0.5282 0.5154 0.5400
0.5317 0.5485 0.5280 0.5982 0.5244 0.5399 0.5273 0.4850 0.5373
0.5285 0.5552 0.5204 0.6089 0.5311 0.5420 0.5423 0.4696 0.5374
0.5337 0.5544 0.5202 0.5946 0.5331 0.5560 0.5401 0.4744 0.5302
0.5513 0.5578 0.5208 0.5822 0.4774 0.5635 0.5226 0.4680 0.5310
0.5519 0.5668 0.5166 0.5994 0.4782 0.5535 0.5055 0.4764 0.5263
0.5435 0.5637 0.5180 0.5875 0.4574 0.5425 0.4668 0.4728 0.5298
0.5547 0.5673 0.5266 0.5796 0.4767 0.5327 0.5126 0.4759 0.5234
0.5502 0.5650 0.4738 0.5828 0.4783 0.5309 0.5218 0.5146 0.5243
0.5511 0.5592 0.5166 0.5723 0.4806 0.5441 0.4794 0.4790 0.5214
0.5527 0.5305 0.5103 0.5734 0.4818 0.5548 0.4744 0.5361 0.5239
