0.5103 0.5094 0.4705 0.4827 0.4829 0.4920 0.4735 0.5156 0.0000
0.5240 0.4800 0.4564 0.5206 0.5099 0.4443 0.5106 0.4863 0.0000
0.5230 0.4703 0.5223 0.4937 0.5219 0.4407 0.5292 0.4910 0.0000
0.4764 0.5205 0.5226 0.5148 0.5300 0.4471 0.5245 0.4857 0.0000
0.4572 0.4609 0.4762 0.4742 0.5245 0.4595 0.5283 0.4706 0.0000
0.4748 0.5243 0.4811 0.4734 0.4601 0.4894 0.5160 0.5124 0.0000
0.4867 0.4890 0.5179 0.5257 0.4604 0.4844 0.5083 0.5248 0.0000
0.4914 0.4830 0.5384 0.5231 0.4681 0.4672 0.4848 0.5105 0.0000
0.5255 0.4598 0.4762 0.4707 0.5096 0.4815 0.5184 0.4650 0.0000
0.4820 0.5335 0.5059 0.5072 0.5178 0.4657 0.5162 0.5225 0.0000
0.5173 0.5243 0.4783 0.5224 0.5241 0.4689 0.4693 0.5372 0.0000
0.5171 0.4742 0.5169 0.5447 0.5200 0.4533 0.5047 0.5229 0.0000
0.4746 0.5122 0.5170 0.5180 0.5203 0.5217 0.5299 0.4993 0.0000
0.4560 0.5091 0.5374 0.5106 0.4990 0.4923 0.5122 0.4623 0.0000
0.5092 0.5313 0.4504 0.5075 0.4872 0.4735 0.5085 0.4636 0.0000
0.5122 0.5232 0.5041 0.4654 0.5176 0.4786 0.5157 0.5182 0.0000
0.4724 0.4961 0.4879 0.5179 0.5047 0.4787 0.4678 0.5299 0.0000
0.4628 0.5213 0.5258 0.4728 0.5135 0.5322 0.4662 0.5004 0.0000
0.4541 0.4725 0.5048 0.4631 0.5202 0.5395 0.5243 0.5299 0.0000
0.4677 0.5141 0.4714 0.5138 0.4806 0.5338 0.5457 0.5416 0.0000
0.5182 0.4887 0.4690 0.5131 0.4644 0.5264 0.5415 0.5252 0.0000
0.5101 0.4483 0.4727 0.4709 0.4816 0.4909 0.4597 0.4605 0.0000
0.4847 0.5176 0.4738 0.5161 0.4719 0.5349 0.4923 0.4764 0.0000
0.5120 0.5197 0.4737 0.5242 0.4568 0.5359 0.4553 0.5298 0.0000
0.5262 0.5164 0.4558 0.5350 0.4596 0.5300 0.5265 0.5340 0.0000
0.5240 0.5194 0.4606 0.5440 0.4748 0.5250 0.5270 0.5241 0.0000
0.5140 0.4678 0.4665 0.4766 0.4805 0.5363 0.4756 0.4933 0.0000
0.5133 0.4774 0.4804 0.4882 0.5104 0.5363 0.4711 0.5041 0.0000
0.5275 0.5132 0.4771 0.5342 0.5016 0.5159 0.4550 0.5268 0.0000
0.5348 0.4611 0.4804 0.5483 0.4841 0.5047 0.5226 0.5347 0.0000
0.5325 0.4433 0.4736 0.5349 0.4923 0.4623 0.5218 0.5296 0.0000
0.4869 0.4669 0.4960 0.5177 0.4758 0.4729 0.4805 0.5183 0.0000
0.4860 0.4763 0.4741 0.5274 0.4607 0.4703 0.4624 0.5232 0.0000
0.4714 0.5265 0.5107 0.5540 0.5161 0.4712 0.4498 0.5263 0.0000
0.4747 0.5205 0.4598 0.5518 0.5218 0.4616 0.4699 0.5276 0.0000
0.4835 0.4515 0.5285 0.5250 0.5287 0.4678 0.4761 0.4770 0.0000
0.5190 0.5331 0.4832 0.5264 0.5338 0.5301 0.4754 0.4838 0.0000
0.5383 0.5468 0.4918 0.5578 0.5257 0.5450 0.4523 0.5428 0.0000
0.5317 0.5471 0.4881 0.5707 0.4923 0.5403 0.4455 0.5666 0.0000
0.5205 0.5313 0.4868 0.5584 0.4790 0.5273 0.4738 0.5593 0.0000
0.5280 0.4559 0.5431 0.5454 0.4635 0.5241 0.4864 0.5394 0.0000
0.5295 0.4834 0.4808 0.5467 0.4908 0.5353 0.4801 0.5349 0.0000
0.5169 0.4669 0.4660 0.5441 0.5319 0.5496 0.4465 0.5521 0.0000
0.5134 0.5141 0.4684 0.5331 0.5423 0.5636 0.4766 0.5644 0.0000
0.5234 0.5295 0.4842 0.5212 0.5477 0.5826 0.5124 0.5604 0.0000
0.5298 0.5259 0.4856 0.5281 0.5639 0.5924 0.5208 0.5474 0.0000
0.5179 0.5247 0.5432 0.5416 0.5723 0.5977 0.5179 0.5492 0.0000
0.5088 0.5310 0.5611 0.5354 0.5742 0.6003 0.5094 0.5529 0.0000
0.5191 0.5676 0.5717 0.5328 0.5751 0.6035 0.5247 0.5536 0.0000
0.5354 0.5979 0.5885 0.5493 0.5857 0.6030 0.5511 0.5493 0.0000
0.5465 0.6148 0.6050 0.5686 0.5891 0.5928 0.5543 0.5626 0.0000
0.5491 0.5918 0.6093 0.5690 0.5795 0.5863 0.5278 0.5713 0.0000
0.5496 0.5784 0.6009 0.5533 0.5768 0.5691 0.5139 0.5793 0.0000
0.5500 0.5718 0.5689 0.5404 0.5863 0.5505 0.5269 0.5819 0.0000
0.5516 0.5621 0.5516 0.5354 0.5868 0.5483 0.5587 0.5719 0.0000
0.5469 0.5531 0.5592 0.5274 0.5750 0.5627 0.5570 0.5691 0.0000
0.5360 0.5367 0.5697 0.5258 0.5723 0.5735 0.5432 0.5821 0.0000
0.5266 0.5421 0.5674 0.5299 0.5805 0.5687 0.5213 0.5979 0.0000
0.5145 0.5561 0.5646 0.5335 0.5770 0.5686 0.4809 0.5956 0.0000
0.5101 0.5567 0.5598 0.5308 0.5605 0.5731 0.4603 0.5764 0.0000
0.4436 0.5424 0.5537 0.5257 0.5488 0.5784 0.4617 0.5760 0.0000
0.4484 0.5355 0.5484 0.5237 0.5436 0.5750 0.4803 0.5829 0.0000
0.4822 0.5479 0.5359 0.5243 0.5379 0.5580 0.4955 0.5774 0.0000
0.5399 0.5450 0.4758 0.4633 0.5190 0.5396 0.5193 0.5556 0.0000
0.5456 0.5356 0.5065 0.4658 0.4806 0.5344 0.5495 0.5430 0.0000
0.5435 0.5240 0.5088 0.5343 0.4781 0.5317 0.5668 0.5347 0.0000
0.5412 0.5306 0.4777 0.5420 0.4663 0.5397 0.5661 0.5381 0.0000
0.5430 0.5352 0.5197 0.5456 0.4647 0.5452 0.5682 0.5384 0.0000
0.5352 0.4860 0.5318 0.5579 0.4642 0.5444 0.5619 0.5383 0.0000
0.5251 0.4385 0.5390 0.5783 0.4663 0.5442 0.5608 0.5374 0.0000
0.5270 0.4358 0.5414 0.5890 0.4660 0.5548 0.5475 0.5303 0.0000
0.5409 0.4489 0.5469 0.5823 0.4776 0.5640 0.5409 0.5304 0.0000
0.5586 0.4558 0.5465 0.5752 0.4833 0.5631 0.5456 0.5350 0.0000
0.5701 0.5070 0.5422 0.5747 0.5239 0.5578 0.5443 0.5296 0.0000
0.5699 0.5312 0.5544 0.5842 0.4919 0.5476 0.5417 0.5239 0.0000
0.5646 0.5402 0.5668 0.5829 0.4895 0.5466 0.5336 0.5213 0.0000
0.5627 0.5477 0.5695 0.5838 0.4897 0.5443 0.5288 0.5132 0.0000
0.5533 0.5590 0.5635 0.5906 0.5182 0.5416 0.5281 0.4535 0.0000
0.5420 0.5611 0.5509 0.5785 0.5212 0.5434 0.5304 0.4558 0.0000
0.5354 0.5517 0.5538 0.5701 0.5226 0.5525 0.5344 0.4596 0.0000
0.5365 0.5514 0.5403 0.5788 0.5235 0.5516 0.5277 0.5114 0.0000
0.5327 0.5537 0.5239 0.6012 0.5242 0.5383 0.5272 0.4832 0.0000
0.5321 0.5531 0.5170 0.6084 0.5310 0.5381 0.5408 0.4617 0.0000
0.5409 0.5573 0.5237 0.5956 0.5345 0.5518 0.5412 0.4591 0.0000
0.5542 0.5640 0.5155 0.5894 0.5298 0.5611 0.5205 0.4728 0.0000
0.5577 0.5682 0.5126 0.5947 0.4795 0.5571 0.4702 0.4790 0.0000
0.5548 0.5712 0.5187 0.5917 0.4525 0.5397 0.4813 0.4755 0.0000
0.5544 0.5722 0.5201 0.5851 0.4790 0.5274 0.5130 0.4735 0.0000
0.5573 0.5696 0.4783 0.5798 0.4826 0.5281 0.5173 0.4721 0.0000
0.5593 0.5585 0.5162 0.5758 0.4835 0.5435 0.4790 0.4821 0.0000
0.5579 0.5427 0.5153 0.5775 0.4861 0.5516 0.4567 0.5268 0.0000
