0.5120 0.4744 0.4710 0.5199 0.5145 0.5290 0.4658 0.4884 0.0000
0.5276 0.4472 0.4618 0.5327 0.5269 0.4411 0.5018 0.4780 0.0000
0.5277 0.5189 0.5232 0.5199 0.5391 0.4435 0.5175 0.5088 0.0000
0.4871 0.5315 0.5245 0.4675 0.5466 0.4659 0.5171 0.4856 0.0000
0.4616 0.5088 0.4715 0.4437 0.5403 0.4602 0.5215 0.4667 0.0000
0.4778 0.4933 0.4793 0.4506 0.5176 0.4835 0.4906 0.5198 0.0000
0.4898 0.4630 0.5177 0.4802 0.4614 0.4665 0.5157 0.5316 0.0000
0.4943 0.4895 0.5395 0.4766 0.4726 0.5034 0.4895 0.5197 0.0000
0.5286 0.4605 0.4731 0.4787 0.4708 0.5189 0.4874 0.4746 0.0000
0.5013 0.5318 0.5060 0.5144 0.5113 0.4702 0.4661 0.5202 0.0000
0.5131 0.5231 0.4947 0.5165 0.4906 0.4733 0.4672 0.5324 0.0000
0.5133 0.4744 0.5161 0.5407 0.4993 0.4586 0.4848 0.5191 0.0000
0.4765 0.5139 0.5173 0.4975 0.5169 0.4974 0.5279 0.4874 0.0000
0.4637 0.5086 0.5376 0.5105 0.4981 0.4909 0.5114 0.4658 0.0000
0.4794 0.5324 0.4514 0.5076 0.4874 0.4734 0.5084 0.4646 0.0000
0.5130 0.5257 0.5040 0.4679 0.5162 0.4789 0.5142 0.5171 0.0000
0.4742 0.4945 0.4882 0.5213 0.4846 0.4794 0.4671 0.5289 0.0000
0.4678 0.4813 0.5264 0.5060 0.5186 0.5336 0.4645 0.4821 0.0000
0.4569 0.4747 0.5051 0.4843 0.5270 0.5422 0.5189 0.5337 0.0000
0.5235 0.5163 0.4728 0.5226 0.5158 0.5391 0.5404 0.5453 0.0000
0.5206 0.5239 0.4684 0.5229 0.4827 0.5351 0.5382 0.5326 0.0000
0.5144 0.4524 0.4729 0.5040 0.4751 0.5033 0.4578 0.4829 0.0000
0.4837 0.4912 0.4745 0.4737 0.4934 0.5279 0.5183 0.4561 0.0000
0.4798 0.5138 0.4781 0.5122 0.4816 0.5274 0.4632 0.5219 0.0000
0.5216 0.5127 0.4593 0.5282 0.4857 0.4881 0.4896 0.5262 0.0000
0.5139 0.5155 0.4682 0.5354 0.5143 0.4816 0.5186 0.4894 0.0000
0.4923 0.4687 0.4821 0.4485 0.5262 0.5241 0.4870 0.5117 0.0000
0.5056 0.4763 0.4755 0.4494 0.5247 0.5238 0.5286 0.4859 0.0000
0.5205 0.4922 0.4843 0.5232 0.5307 0.5009 0.4824 0.5180 0.0000
0.5263 0.4782 0.4877 0.5314 0.5292 0.4891 0.4806 0.5268 0.0000
0.5232 0.5113 0.4869 0.5182 0.5249 0.4812 0.4704 0.4752 0.0000
0.4729 0.5222 0.4974 0.4708 0.5196 0.4481 0.4855 0.4686 0.0000
0.4784 0.5337 0.4771 0.5059 0.5287 0.4583 0.5131 0.5093 0.0000
0.4827 0.5374 0.5100 0.5353 0.5377 0.4802 0.4518 0.5174 0.0000
0.5179 0.5371 0.4661 0.5302 0.5452 0.5224 0.4473 0.5138 0.0000
0.5152 0.4765 0.5297 0.4919 0.5558 0.4756 0.4588 0.4677 0.0000
0.5102 0.5242 0.5140 0.5101 0.5622 0.4629 0.4709 0.4598 0.0000
0.5313 0.5403 0.4879 0.5383 0.5588 0.5209 0.4856 0.5288 0.0000
0.5185 0.5414 0.5042 0.5511 0.5429 0.5174 0.4759 0.5577 0.0000
0.4637 0.5258 0.4887 0.5366 0.5362 0.4971 0.5380 0.5509 0.0000
0.4688 0.5000 0.5439 0.5238 0.5324 0.4509 0.5411 0.5262 0.0000
0.5105 0.5308 0.5277 0.5215 0.4791 0.5159 0.5273 0.5182 0.0000
0.4712 0.5190 0.4704 0.5164 0.4722 0.5316 0.5162 0.5329 0.0000
0.5110 0.4848 0.4778 0.4874 0.5137 0.5460 0.4680 0.5423 0.0000
0.4760 0.5242 0.4724 0.4876 0.5248 0.5625 0.4815 0.5421 0.0000
0.5044 0.5209 0.4820 0.4850 0.5422 0.5759 0.4780 0.5354 0.0000
0.4564 0.5192 0.5465 0.5150 0.5562 0.5826 0.4880 0.5377 0.0000
0.4575 0.5312 0.5661 0.5075 0.5542 0.5854 0.5125 0.5358 0.0000
0.4627 0.5706 0.5787 0.5022 0.5600 0.5878 0.4773 0.5344 0.0000
0.5278 0.6099 0.5935 0.5237 0.5743 0.5871 0.5332 0.5388 0.0000
0.5370 0.6301 0.6145 0.5474 0.5798 0.5801 0.5342 0.5552 0.0000
0.5426 0.6122 0.6218 0.5513 0.5689 0.5695 0.4731 0.5638 0.0000
0.5450 0.5926 0.6153 0.5265 0.5676 0.5530 0.4684 0.5726 0.0000
0.5523 0.5844 0.5830 0.5116 0.5743 0.5246 0.5087 0.5744 0.0000
0.5479 0.5794 0.5582 0.4664 0.5739 0.5252 0.5447 0.5693 0.0000
0.5322 0.5762 0.5603 0.4930 0.5608 0.5429 0.5387 0.5656 0.0000
0.5269 0.5571 0.5773 0.4951 0.5587 0.5561 0.5146 0.5821 0.0000
0.4334 0.5608 0.5702 0.4809 0.5668 0.5460 0.4730 0.6025 0.0000
0.4430 0.5803 0.5706 0.4607 0.5597 0.5391 0.5220 0.6001 0.0000
0.4631 0.5810 0.5694 0.4556 0.5424 0.5450 0.5346 0.5802 0.0000
0.4559 0.5655 0.5643 0.5068 0.5345 0.5466 0.5335 0.5764 0.0000
0.5316 0.5609 0.5575 0.5176 0.5333 0.5467 0.5399 0.5819 0.0000
0.4539 0.5730 0.5382 0.4589 0.5193 0.5293 0.5325 0.5737 0.0000
0.4342 0.5666 0.5111 0.4681 0.4899 0.4725 0.4753 0.5520 0.0000
0.4907 0.5490 0.4800 0.4266 0.5161 0.4735 0.5389 0.5288 0.0000
0.4710 0.5424 0.4803 0.4356 0.5287 0.4800 0.5554 0.4773 0.0000
0.4906 0.5505 0.4507 0.4496 0.5385 0.5133 0.5500 0.5247 0.0000
0.4855 0.5486 0.4835 0.4514 0.5412 0.5169 0.5506 0.5312 0.0000
0.4714 0.5368 0.5376 0.4379 0.5265 0.5151 0.5487 0.5350 0.0000
0.5092 0.5207 0.5354 0.5439 0.5212 0.5155 0.5520 0.5274 0.0000
0.5095 0.5225 0.5339 0.5575 0.5276 0.5279 0.5381 0.5195 0.0000
0.5164 0.5371 0.5433 0.5533 0.5201 0.5413 0.4729 0.5129 0.0000
0.5539 0.5391 0.5453 0.5480 0.4923 0.5515 0.4755 0.5169 0.0000
0.5808 0.4712 0.5462 0.5513 0.4787 0.5421 0.5402 0.5167 0.0000
0.5742 0.5346 0.5589 0.5562 0.4848 0.5327 0.5372 0.4538 0.0000
0.5583 0.5415 0.5713 0.5513 0.5156 0.5334 0.5190 0.4567 0.0000
0.5488 0.5495 0.5727 0.5536 0.5105 0.5269 0.4587 0.4480 0.0000
0.5298 0.5706 0.5652 0.5529 0.4789 0.5191 0.4867 0.5273 0.0000
0.4766 0.5680 0.5611 0.5384 0.4800 0.5217 0.5205 0.5368 0.0000
0.4526 0.5508 0.5608 0.5254 0.4760 0.5364 0.5198 0.5246 0.0000
0.4463 0.5365 0.5441 0.5323 0.4815 0.5397 0.4863 0.5150 0.0000
0.4394 0.5516 0.5213 0.5644 0.4731 0.5255 0.5164 0.5233 0.0000
0.4582 0.5549 0.5148 0.5705 0.5129 0.5325 0.5346 0.5320 0.0000
0.4776 0.5628 0.5189 0.5540 0.4787 0.5471 0.5260 0.5336 0.0000
0.5342 0.5669 0.5115 0.5490 0.4610 0.5549 0.4684 0.5294 0.0000
0.5403 0.5651 0.5056 0.5507 0.4481 0.5523 0.4871 0.5251 0.0000
0.5346 0.5711 0.5151 0.5427 0.5237 0.5357 0.5211 0.5339 0.0000
0.5431 0.5810 0.4786 0.5400 0.5364 0.5207 0.4995 0.5523 0.0000
0.5487 0.5768 0.4865 0.5356 0.5467 0.5170 0.4682 0.5586 0.0000
0.5540 0.5543 0.5328 0.5261 0.5499 0.5323 0.4712 0.5358 0.0000
0.5536 0.5246 0.5305 0.5253 0.5487 0.5514 0.5179 0.5114 0.0000
